Phase,Iteration,Time,Speed,Acceleration,F_motor,F_res,F_total
Accelerating,2,1,1,1,28.1807,0,27.7778
Accelerating,3,2,2.00569,1.00569,28.1807,0.24489,27.9358
Accelerating,4,3,3.01116,1.00547,28.1807,0.250972,27.9297
Accelerating,5,4,4.01633,1.00517,28.1807,0.259307,27.9214
Accelerating,6,5,5.02112,1.00479,28.1807,0.269894,27.9108
Accelerating,7,6,6.02545,1.00433,28.1807,0.282729,27.898
Accelerating,8,7,7.02923,1.00378,28.1807,0.297809,27.8829
Accelerating,9,8,8.03239,1.00316,28.1807,0.315128,27.8656
Accelerating,10,9,9.03485,1.00246,28.1807,0.334682,27.846
Accelerating,11,10,10.0365,1.00167,28.1807,0.356464,27.8243
Accelerating,12,11,11.0373,1.00081,28.1807,0.380469,27.8003
Accelerating,13,12,12.0372,0.999865,28.1807,0.406687,27.774
Accelerating,14,13,13.036,0.998842,28.1807,0.435112,27.7456
Accelerating,15,14,14.0338,0.997739,28.1807,0.465734,27.715
Accelerating,16,15,15.0303,0.996558,28.1807,0.498544,27.6822
Accelerating,17,16,16.0256,0.995299,28.1807,0.533532,27.6472
Accelerating,18,17,17.0196,0.993961,28.1807,0.570686,27.61
Accelerating,19,18,18.0121,0.992546,28.1807,0.609996,27.5707
Accelerating,20,19,19.0032,0.991054,28.1807,0.651448,27.5293
Accelerating,21,20,19.9927,0.989485,28.1807,0.695031,27.4857
Accelerating,22,21,20.9805,0.98784,28.1807,0.74073,27.44
Accelerating,23,22,21.9666,0.986119,28.1807,0.788531,27.3922
Accelerating,24,23,22.951,0.984323,28.1807,0.838421,27.3423
Accelerating,25,24,23.9334,0.982452,28.1807,0.890382,27.2903
Accelerating,26,25,24.9139,0.980507,28.1807,0.944399,27.2363
Accelerating,27,26,25.8924,0.978489,28.1807,1.00046,27.1803
Accelerating,28,27,26.8688,0.976399,28.1807,1.05854,27.1222
Accelerating,29,28,27.843,0.974236,28.1807,1.11862,27.0621
Accelerating,30,29,28.815,0.972001,28.1807,1.18069,27
Accelerating,31,30,29.7847,0.969696,28.1807,1.24473,26.936
Accelerating,32,31,30.7521,0.96732,28.1807,1.31071,26.87
Accelerating,33,32,31.7169,0.964875,28.1807,1.37863,26.8021
Accelerating,34,33,32.6793,0.962362,28.1807,1.44845,26.7323
Accelerating,35,34,33.6391,0.95978,28.1807,1.52016,26.6606
Accelerating,36,35,34.5962,0.957132,28.1807,1.59373,26.587
Accelerating,37,36,35.5506,0.954417,28.1807,1.66915,26.5116
Accelerating,38,37,36.4866,0.935923,27.7442,1.74638,25.9979
Accelerating,39,38,37.3941,0.907505,27.0326,1.8241,25.2085
Accelerating,40,39,38.2752,0.881107,26.3765,1.90131,24.4752
Accelerating,41,40,39.1317,0.856486,25.7693,1.97805,23.7913
Accelerating,42,41,39.9651,0.833436,25.2053,2.05429,23.151
Accelerating,43,42,40.7769,0.811786,24.6797,2.13006,22.5496
Accelerating,44,43,41.5683,0.791388,24.1883,2.20534,21.983
Accelerating,45,44,42.3404,0.772117,23.7278,2.28015,21.4477
Accelerating,46,45,43.0942,0.753864,23.2951,2.35449,20.9407
Accelerating,47,46,43.8308,0.736534,22.8876,2.42835,20.4593
Accelerating,48,47,44.5508,0.720047,22.503,2.50173,20.0013
Accelerating,49,48,45.2552,0.704328,22.1393,2.57465,19.5647
Accelerating,50,49,45.9445,0.689316,21.7948,2.64709,19.1477
Accelerating,51,50,46.6194,0.674954,21.4678,2.71905,18.7487
Accelerating,52,51,47.2806,0.661191,21.157,2.79055,18.3664
Accelerating,53,52,47.9286,0.647983,20.8611,2.86157,17.9995
Accelerating,54,53,48.5639,0.63529,20.5791,2.93212,17.6469
Accelerating,55,54,49.187,0.623075,20.3098,3.0022,17.3077
Accelerating,56,55,49.7983,0.611308,20.0526,3.0718,16.9808
Accelerating,57,56,50.3982,0.599957,19.8064,3.14093,16.6655
Accelerating,58,57,50.9872,0.588997,19.5706,3.20959,16.361
Accelerating,59,58,51.5656,0.578404,19.3446,3.27778,16.0668
Accelerating,60,59,52.1338,0.568155,19.1276,3.34549,15.7821
Accelerating,61,60,52.692,0.55823,18.9191,3.41273,15.5064
Accelerating,62,61,53.2406,0.548611,18.7187,3.47949,15.2392
Accelerating,63,62,53.7799,0.539281,18.5258,3.54578,14.98
Accelerating,64,63,54.3101,0.530223,18.34,3.6116,14.7284
Accelerating,65,64,54.8316,0.521425,18.161,3.67695,14.484
Accelerating,66,65,55.3444,0.512872,17.9883,3.74182,14.2465
Accelerating,67,66,55.849,0.504553,17.8216,3.80622,14.0154
Accelerating,68,67,56.3454,0.496455,17.6606,3.87015,13.7904
Accelerating,69,68,56.834,0.488569,17.505,3.9336,13.5714
Accelerating,70,69,57.3149,0.480884,17.3545,3.99659,13.3579
Accelerating,71,70,57.7883,0.473392,17.2089,4.0591,13.1498
Accelerating,72,71,58.2544,0.466083,17.0679,4.12115,12.9468
Accelerating,73,72,58.7133,0.458951,16.9314,4.18272,12.7486
Accelerating,74,73,59.1653,0.451986,16.799,4.24383,12.5552
Accelerating,75,74,59.6105,0.445183,16.6707,4.30446,12.3662
Accelerating,76,75,60.049,0.438535,16.5462,4.36463,12.1815
Accelerating,77,76,60.4811,0.432036,16.4253,4.42434,12.001
Accelerating,78,77,60.9067,0.425679,16.308,4.48358,11.8244
Accelerating,79,78,61.3262,0.41946,16.194,4.54235,11.6517
Accelerating,80,79,61.7396,0.413374,16.0833,4.60066,11.4826
Accelerating,81,80,62.147,0.407414,15.9756,4.65851,11.3171
Accelerating,82,81,62.5486,0.401578,15.8708,4.7159,11.1549
Accelerating,83,82,62.9444,0.39586,15.769,4.77283,10.9961
Accelerating,84,83,63.3347,0.390257,15.6698,4.8293,10.8405
Accelerating,85,84,63.7194,0.384765,15.5732,4.88531,10.6879
Accelerating,86,85,64.0988,0.37938,15.4792,4.94086,10.5383
Accelerating,87,86,64.4729,0.374098,15.3876,4.99597,10.3916
Accelerating,88,87,64.8418,0.368916,15.2983,5.05062,10.2477
Accelerating,89,88,65.2057,0.363832,15.2112,5.10481,10.1064
Accelerating,90,89,65.5628,0.357124,15.0787,5.15856,9.9201
Accelerating,91,90,65.9121,0.349316,14.9148,5.21161,9.70323
Accelerating,92,91,66.2539,0.341762,14.7572,5.26377,9.4934
Accelerating,93,92,66.5883,0.334449,14.6053,5.31506,9.29025
Accelerating,94,93,66.9157,0.327364,14.459,5.36551,9.09346
Accelerating,95,94,67.2362,0.320497,14.3178,5.41514,8.90271
Accelerating,96,95,67.55,0.313838,14.1817,5.46395,8.71772
Accelerating,97,96,67.8574,0.307376,14.0502,5.51197,8.53823
Accelerating,98,97,68.1585,0.301103,13.9232,5.55922,8.36398
Accelerating,99,98,68.4535,0.295011,13.8005,5.60571,8.19475
Accelerating,100,99,68.7426,0.289091,13.6818,5.65145,8.03032
Accelerating,101,100,69.0259,0.283337,13.5669,5.69646,7.87047
Accelerating,102,101,69.3037,0.277741,13.4558,5.74076,7.71502
Accelerating,103,102,69.576,0.272297,13.3481,5.78435,7.56379
Accelerating,104,103,69.843,0.266998,13.2439,5.82726,7.41661
Accelerating,105,104,70.1048,0.261839,13.1428,5.86949,7.27331
Coasting,106,105,69.892,1,0,5.91107,-5.91107
Coasting,107,106,69.6804,1,0,5.87727,-5.87727
Coasting,108,107,69.4701,1,0,5.84376,-5.84376
Coasting,109,108,69.2609,1,0,5.81055,-5.81055
Coasting,110,109,69.0529,1,0,5.77762,-5.77762
Coasting,111,110,68.8461,1,0,5.74498,-5.74498
Coasting,112,111,68.6404,1,0,5.71261,-5.71261
Coasting,113,112,68.4359,1,0,5.68053,-5.68053
Coasting,114,113,68.2326,1,0,5.64871,-5.64871
Coasting,115,114,68.0303,1,0,5.61717,-5.61717
Coasting,116,115,67.8292,1,0,5.58589,-5.58589
Coasting,117,116,67.6293,1,0,5.55488,-5.55488
Coasting,118,117,67.4304,1,0,5.52413,-5.52413
Coasting,119,118,67.2326,1,0,5.49364,-5.49364
Coasting,120,119,67.0359,1,0,5.46341,-5.46341
Coasting,121,120,66.8403,1,0,5.43343,-5.43343
Coasting,122,121,66.6458,1,0,5.4037,-5.4037
Coasting,123,122,66.4523,1,0,5.37421,-5.37421
Coasting,124,123,66.2599,1,0,5.34497,-5.34497
Coasting,125,124,66.0685,1,0,5.31597,-5.31597
Coasting,126,125,65.8782,1,0,5.28722,-5.28722
Coasting,127,126,65.6889,1,0,5.25869,-5.25869
Coasting,128,127,65.5006,1,0,5.23041,-5.23041
Coasting,129,128,65.3133,1,0,5.20235,-5.20235
Coasting,130,129,65.127,1,0,5.17452,-5.17452
Coasting,131,130,64.9417,1,0,5.14692,-5.14692
Accelerating,132,131,65.3042,0.362459,15.1878,5.11954,10.0683
Accelerating,133,132,65.6592,0.354961,15.0332,5.17317,9.86002
Accelerating,134,133,66.0064,0.347224,14.8711,5.22597,9.64512
Accelerating,135,134,66.3461,0.339737,14.715,5.27789,9.43715
Accelerating,136,135,66.6786,0.332488,14.5647,5.32896,9.23577
Accelerating,137,136,67.0041,0.325464,14.4198,5.37918,9.04066
Accelerating,138,137,67.3227,0.318655,14.2801,5.42858,8.85152
Accelerating,139,138,67.6348,0.31205,14.1452,5.47717,8.66806
Accelerating,140,139,67.9404,0.305641,14.015,5.52498,8.49003
Accelerating,141,140,68.2398,0.299418,13.8892,5.57202,8.31718
Accelerating,142,141,68.5332,0.293374,13.7676,5.6183,8.14928
Accelerating,143,142,68.8207,0.2875,13.65,5.66384,7.98612
Accelerating,144,143,69.1025,0.28179,13.5361,5.70865,7.8275
Accelerating,145,144,69.3787,0.276236,13.426,5.75276,7.67322
Accelerating,146,145,69.6496,0.270832,13.3193,5.79616,7.52312
Accelerating,147,146,69.9151,0.265572,13.2159,5.83888,7.37701
Accelerating,148,147,70.1756,0.260451,13.1157,5.88094,7.23475
Coasting,149,148,69.9624,1,0,5.92233,-5.92233
Coasting,150,149,69.7504,1,0,5.88843,-5.88843
Coasting,151,150,69.5396,1,0,5.85483,-5.85483
Coasting,152,151,69.3301,1,0,5.82152,-5.82152
Coasting,153,152,69.1217,1,0,5.7885,-5.7885
Coasting,154,153,68.9145,1,0,5.75576,-5.75576
Coasting,155,154,68.7084,1,0,5.72331,-5.72331
Coasting,156,155,68.5035,1,0,5.69113,-5.69113
Coasting,157,156,68.2998,1,0,5.65922,-5.65922
Coasting,158,157,68.0972,1,0,5.62759,-5.62759
Coasting,159,158,67.8958,1,0,5.59623,-5.59623
Coasting,160,159,67.6954,1,0,5.56513,-5.56513
Coasting,161,160,67.4962,1,0,5.53429,-5.53429
Coasting,162,161,67.298,1,0,5.50372,-5.50372
Coasting,163,162,67.101,1,0,5.4734,-5.4734
Coasting,164,163,66.905,1,0,5.44333,-5.44333
Coasting,165,164,66.7102,1,0,5.41352,-5.41352
Coasting,166,165,66.5163,1,0,5.38395,-5.38395
Coasting,167,166,66.3236,1,0,5.35463,-5.35463
Coasting,168,167,66.1318,1,0,5.32556,-5.32556
Coasting,169,168,65.9412,1,0,5.29672,-5.29672
Coasting,170,169,65.7515,1,0,5.26812,-5.26812
Coasting,171,170,65.5629,1,0,5.23975,-5.23975
Coasting,172,171,65.3753,1,0,5.21162,-5.21162
Coasting,173,172,65.1886,1,0,5.18372,-5.18372
Coasting,174,173,65.003,1,0,5.15604,-5.15604
Coasting,175,174,64.8184,1,0,5.12859,-5.12859
Accelerating,176,175,65.1826,0.364154,15.2167,5.10136,10.1154
Accelerating,177,176,65.5402,0.357632,15.0894,5.15514,9.93422
Accelerating,178,177,65.89,0.349808,14.9251,5.20824,9.71689
Accelerating,179,178,66.2322,0.342238,14.7671,5.26046,9.50662
Accelerating,180,179,66.5671,0.33491,14.6149,5.31181,9.30305
Accelerating,181,180,66.895,0.327811,14.4682,5.36231,9.10586
Accelerating,182,181,67.2159,0.32093,14.3267,5.41199,8.91473
Accelerating,183,182,67.5301,0.314258,14.1902,5.46085,8.72938
Accelerating,184,183,67.8379,0.307784,14.0585,5.50892,8.54955
Accelerating,185,184,68.1394,0.301499,13.9312,5.55622,8.37498
Accelerating,186,185,68.4348,0.295395,13.8082,5.60275,8.20543
Accelerating,187,186,68.7243,0.289465,13.6892,5.64854,8.04069
Accelerating,188,187,69.008,0.2837,13.5742,5.6936,7.88056
Accelerating,189,188,69.2861,0.278094,13.4628,5.73794,7.72484
Accelerating,190,189,69.5587,0.27264,13.3549,5.78158,7.57334
Accelerating,191,190,69.8261,0.267333,13.2504,5.82453,7.42591
Accelerating,192,191,70.0882,0.262165,13.1492,5.86681,7.28236
Coasting,193,192,69.8755,1,0,5.90843,-5.90843
Coasting,194,193,69.664,1,0,5.87465,-5.87465
Coasting,195,194,69.4537,1,0,5.84117,-5.84117
Coasting,196,195,69.2447,1,0,5.80798,-5.80798
Coasting,197,196,69.0368,1,0,5.77507,-5.77507
Coasting,198,197,68.83,1,0,5.74245,-5.74245
Coasting,199,198,68.6245,1,0,5.71011,-5.71011
Coasting,200,199,68.4201,1,0,5.67804,-5.67804
Coasting,201,200,68.2168,1,0,5.64625,-5.64625
Coasting,202,201,68.0147,1,0,5.61473,-5.61473
Coasting,203,202,67.8137,1,0,5.58347,-5.58347
Coasting,204,203,67.6138,1,0,5.55248,-5.55248
Coasting,205,204,67.415,1,0,5.52175,-5.52175
Coasting,206,205,67.2173,1,0,5.49128,-5.49128
Coasting,207,206,67.0207,1,0,5.46107,-5.46107
Coasting,208,207,66.8252,1,0,5.43111,-5.43111
Coasting,209,208,66.6307,1,0,5.40139,-5.40139
Coasting,210,209,66.4373,1,0,5.37193,-5.37193
Coasting,211,210,66.245,1,0,5.34271,-5.34271
Coasting,212,211,66.0537,1,0,5.31373,-5.31373
Coasting,213,212,65.8634,1,0,5.28499,-5.28499
Coasting,214,213,65.6742,1,0,5.25649,-5.25649
Coasting,215,214,65.486,1,0,5.22822,-5.22822
Coasting,216,215,65.2988,1,0,5.20018,-5.20018
Coasting,217,216,65.1126,1,0,5.17237,-5.17237
Coasting,218,217,64.9274,1,0,5.14478,-5.14478
Braking,219,218,64.3883,-0.539064,-14.974,5.11742,-14.974
Braking,220,219,63.8447,-0.543577,-15.0994,5.03823,-15.0994
Braking,221,220,63.2965,-0.548205,-15.2279,4.95903,-15.2279
Braking,222,221,62.7436,-0.552953,-15.3598,4.87982,-15.3598
Braking,223,222,62.1857,-0.557826,-15.4952,4.8006,-15.4952
Braking,224,223,61.6229,-0.56283,-15.6342,4.72138,-15.6342
Braking,225,224,61.0549,-0.567971,-15.777,4.64215,-15.777
Braking,226,225,60.4817,-0.573254,-15.9237,4.56291,-15.9237
Braking,227,226,59.903,-0.578688,-16.0747,4.48366,-16.0747
Braking,228,227,59.3187,-0.584278,-16.2299,4.40441,-16.2299
Braking,229,228,58.7287,-0.590033,-16.3898,4.32515,-16.3898
Braking,230,229,58.1327,-0.595961,-16.5545,4.24588,-16.5545
Braking,231,230,57.5307,-0.60207,-16.7242,4.16661,-16.7242
Braking,232,231,56.9223,-0.608371,-16.8992,4.08732,-16.8992
Braking,233,232,56.3074,-0.614873,-17.0798,4.00803,-17.0798
Braking,234,233,55.6858,-0.621588,-17.2663,3.92872,-17.2663
Braking,235,234,55.0573,-0.628526,-17.4591,3.84941,-17.4591
Braking,236,235,54.4216,-0.635701,-17.6584,3.77009,-17.6584
Braking,237,236,53.7785,-0.643127,-17.8646,3.69076,-17.8646
Braking,238,237,53.1277,-0.650818,-18.0783,3.61143,-18.0783
Braking,239,238,52.4689,-0.658791,-18.2997,3.53208,-18.2997
Braking,240,239,51.8018,-0.667062,-18.5295,3.45272,-18.5295
Braking,241,240,51.1262,-0.675652,-18.7681,3.37335,-18.7681
Braking,242,241,50.4416,-0.684581,-19.0161,3.29397,-19.0161
Braking,243,242,49.7477,-0.693872,-19.2742,3.21458,-19.2742
Braking,244,243,49.0441,-0.70355,-19.5431,3.13518,-19.5431
Braking,245,244,48.3305,-0.713643,-19.8234,3.05577,-19.8234
Braking,246,245,47.6063,-0.72418,-20.1161,2.97635,-20.1161
Braking,247,246,46.8711,-0.735196,-20.4221,2.89692,-20.4221
Braking,248,247,46.1244,-0.746728,-20.7425,2.81747,-20.7425
Braking,249,248,45.3656,-0.758817,-21.0783,2.73801,-21.0783
Braking,250,249,44.5941,-0.77151,-21.4308,2.65854,-21.4308
Braking,251,250,43.8092,-0.784858,-21.8016,2.57906,-21.8016
Braking,252,251,43.0103,-0.798919,-22.1922,2.49957,-22.1922
Braking,253,252,42.1965,-0.813759,-22.6044,2.42006,-22.6044
Braking,254,253,41.3671,-0.829452,-23.0403,2.34054,-23.0403
Braking,255,254,40.521,-0.846083,-23.5023,2.261,-23.5023
Braking,256,255,39.6573,-0.86375,-23.993,2.18145,-23.993
Braking,257,256,38.7747,-0.882562,-24.5156,2.10189,-24.5156
Braking,258,257,37.872,-0.902651,-25.0736,2.02231,-25.0736
Braking,259,258,36.9479,-0.924165,-25.6712,1.94272,-25.6712
Braking,260,259,36.0006,-0.94728,-26.3133,1.86312,-26.3133
Braking,261,260,35.0284,-0.972206,-27.0057,1.7835,-27.0057
Braking,262,261,34.0292,-0.99919,-27.7553,1.70387,-27.7553
Braking,263,262,33.0292,-1,-27.7778,1.62422,-27.7778
Braking,264,263,32.0292,-1,-27.7778,1.54674,-27.7778
Braking,265,264,31.0292,-1,-27.7778,1.47149,-27.7778
Braking,266,265,30.0292,-1,-27.7778,1.39847,-27.7778
Braking,267,266,29.0292,-1,-27.7778,1.32768,-27.7778
Braking,268,267,28.0292,-1,-27.7778,1.25912,-27.7778
Braking,269,268,27.0292,-1,-27.7778,1.19279,-27.7778
Braking,270,269,26.0292,-1,-27.7778,1.12869,-27.7778
Braking,271,270,25.0292,-1,-27.7778,1.06683,-27.7778
Braking,272,271,24.0292,-1,-27.7778,1.00719,-27.7778
Braking,273,272,23.0292,-1,-27.7778,0.949781,-27.7778
Braking,274,273,22.0292,-1,-27.7778,0.894605,-27.7778
Braking,275,274,21.0292,-1,-27.7778,0.841659,-27.7778
Braking,276,275,20.0292,-1,-27.7778,0.790943,-27.7778
Braking,277,276,19.0292,-1,-27.7778,0.742458,-27.7778
Braking,278,277,18.0292,-1,-27.7778,0.696204,-27.7778
Braking,279,278,17.0292,-1,-27.7778,0.65218,-27.7778
Braking,280,279,16.0292,-1,-27.7778,0.610386,-27.7778
Braking,281,280,15.0292,-1,-27.7778,0.570823,-27.7778
Braking,282,281,14.0292,-1,-27.7778,0.533491,-27.7778
Braking,283,282,13.0292,-1,-27.7778,0.498388,-27.7778
Braking,284,283,12.0292,-1,-27.7778,0.465517,-27.7778
Braking,285,284,11.0292,-1,-27.7778,0.434876,-27.7778
Braking,286,285,10.0292,-1,-27.7778,0.406465,-27.7778
Braking,287,286,9.0292,-1,-27.7778,0.380285,-27.7778
Braking,288,287,8.0292,-1,-27.7778,0.356335,-27.7778
Braking,289,288,7.0292,-1,-27.7778,0.334616,-27.7778
Braking,290,289,6.0292,-1,-27.7778,0.315127,-27.7778
Braking,291,290,5.0292,-1,-27.7778,0.297869,-27.7778
Braking,292,291,4.0292,-1,-27.7778,0.282841,-27.7778
Braking,293,292,3.0292,-1,-27.7778,0.270044,-27.7778
Braking,294,293,2.0292,-1,-27.7778,0.259477,-27.7778
Braking,295,294,1.0292,-1,-27.7778,0.251141,-27.7778
Braking,296,295,0.029199,-1,-27.7778,0.40294,-27.7778
